[[[[[4,0],[5,4]],[[7,7],[6,0]]],[[8,[7,7]],[[7,9],[5,0]]]],[[2,[[0,8],[3,4]]],[[[6,7],1],[7,[1,6]]]]]

explode [4,0]

[[[[0,[5,4]],[[7,7],[6,0]]],[[8,[7,7]],[[7,9],[5,0]]]],[[2,[[0,8],[3,4]]],[[[6,7],1],[7,[1,6]]]]]

explode [5,4]

[[[[5,0],[[11,7],[6,0]]],[[8,[7,7]],[[7,9],[5,0]]]],[[2,[[0,8],[3,4]]],[[[6,7],1],[7,[1,6]]]]]

explode [11, 7]

1234      4  5
[[[[5,11],[0,[13,0]]],[[8,[7,7]],[[7,9],[5,0]]]],[[2,[[0,8],[3,4]]],[[[6,7],1],[7,[1,6]]]]]

explode [13,0]
1234      4       45  6
[[[[5,11],[13,0]],[[8,[7,7]],[[7,9],[5,0]]]],[[2,[[0,8],[3,4]]],[[[6,7],1],[7,[1,6]]]]]

explode [7,7]
1234    4 4    43 34    4 45    5 5   5432
[[[[5,11],[13,0]],[[15,0],[[14,9],[5,0]]]],[[2,[[0,8],[3,4]]],[[[6,7],1],[7,[1,6]]]]]

explode [14,9]

1234    4 4    43 34     4 4  5    5432
[[[[5,11],[13,0]],[[15,14],[0,[14,0]]]],[[2,[[0,8],[3,4]]],[[[6,7],1],[7,[1,6]]]]]

explode [14,0]

1234    4 4    43 34     4 4    432 23  45
[[[[5,11],[13,0]],[[15,14],[14,0]]],[[2,[[0,8],[3,4]]],[[[6,7],1],[7,[1,6]]]]]

explode [0,8]
1234    4 4    43 34     4 4    432 23  4  5
[[[[5,11],[13,0]],[[15,14],[14,0]]],[[2,[0,[11,4]]],[[[6,7],1],[7,[1,6]]]]]

explode [11,4]
1234    4 4    43 34     4 4    432 23  4    43 345
[[[[5,11],[13,0]],[[15,14],[14,0]]],[[2,[11,0]],[[[10,7],1],[7,[1,6]]]]]

explode [10,7]

1234    4 4    43 34     4 4    432 23  4     43 34   4 4  5
[[[[5,11],[13,0]],[[15,14],[14,0]]],[[2,[11,10]],[[0,8],[7,[1,6]]]]]

explode [1,6]

1234    4 4    43 34     4 4    432 23  4     43 34   4 4   4321
[[[[5,11],[13,0]],[[15,14],[14,0]]],[[2,[11,10]],[[0,8],[8,0]]]]

split 11

1234  5
[[[[5,[5,6]],[13,0]],[[15,14],[14,0]]],[[2,[11,10]],[[0,8],[8,0]]]]

explode [5,6]

[[[[10,0],[19,0]],[[15,14],[14,0]]],[[2,[11,10]],[[0,8],[8,0]]]]

split 10
[[[[[5,5],0],[19,0]],[[15,14],[14,0]]],[[2,[11,10]],[[0,8],[8,0]]]]

explode [5,5]

[[[[0,5],[19,0]],[[15,14],[14,0]]],[[2,[11,10]],[[0,8],[8,0]]]]

split 19

[[[[0,5],[[9,10],0]],[[15,14],[14,0]]],[[2,[11,10]],[[0,8],[8,0]]]]

explode [9,10]

[[[[0,14],[0,10]],[[15,14],[14,0]]],[[2,[11,10]],[[0,8],[8,0]]]]

split 14

[[[[0,[7,7]],[0,10]],[[15,14],[14,0]]],[[2,[11,10]],[[0,8],[8,0]]]]

explode [7,7]

[[[[7,0],[7,10]],[[15,14],[14,0]]],[[2,[11,10]],[[0,8],[8,0]]]]

[[[[7,0],[7,10]],[[15,14],[14,0]]],[[2,[11,10]],[[0,8],[8,0]]]]



